Minimum Tensile Strengths by wire diameter (psix10^3)
Wire Dia (in),MW,HD,OT
0.008,399,307,315
0.009,393,305,313
0.010,387,303,311
0.011,382,301,309
0.012,377,299,307
0.013,373,297,305
0.014,369,295,303
0.015,365,293,301
0.016,362,291,300
0.017,362,289,298
0.018,356,287,297
0.019,356,285,295
0.020,350,283,293
0.021,350,281
0.022,345,280
0.023,345,278,289
0.024,341,277
0.025,341,275,286
0.026,337,274
0.027,337,272
0.028,333,271,283
0.029,333,267
0.030,330,266
0.031,330,266,280
0.032,327,265
0.033,327,264
0.034,324,262
0.035,324,261,274
0.036,321,260
0.037,321,258
0.038,318,257
0.039,318,256
0.040,315,255
0.041,315,255,266
0.042,313,254
0.043,313,252
0.044,313,251
0.045,309,250
0.046,309,249
0.047,309,248,259
0.048,306,247
0.049,306,246
0.050,306,245
0.051,303,244
0.052,303,244
0.053,303,243
0.054,303,243,253
0.055,300,242
0.056,300,241
0.057,300,240
0.058,300,240
0.059,296,239
0.060,296,238
0.061,296,237
0.062,296,237,247
0.063,293,236
0.064,293,235
0.065,293,235
0.066,290
0.067,290,234
0.069,290,233
0.070,289
0.071,288
0.072,287,232,241
0.074,287,231
0.075,287
0.076,284,230
0.078,284,229
0.079,284
0.080,282,227,235
0.083,282
0.084,279
0.085,279,225
0.089,279
0.090,276,222
0.091,276,,230
0.092,276,220
0.093,276
0.094,274
0.095,274,219
0.099,274
0.100,271
0.101,271
0.102,270
0.105,270,216,225
0.106,268
0.109,268
0.110,267
0.111,267
0.112,266
0.119,266
0.120,263,210,220
0.123,263
0.124,261
0.129,261
0.130,258
0.135,258,206,215
0.139,258
0.140,256
0.144,256
0.145,254
0.148,254,203,210
0.149,253
0.150,253
0.151,251
0.160,251
0.161,249
0.162,249,200,205
0.177,245,195,200
0.192,241,192,195
0.207,238,190,190
0.225,235,186,188
0.250,230,182,185